-4.795180166538874911e-01 -1.754460818547380341e-01 1.500271709947880727e-01 4.643355782481259353e-01 -6.671211628289055451e-01 7.421664582790650222e-01 -7.629847672594960439e-01 3.210899635583558398e-01 1.186027898359047900e-01 8.865136734704143207e-01 -3.521390551188507967e-01 -7.791802315787929034e-01 6.763624675840879119e-01 9.784101459383328647e-01 -9.689266180541095119e-01 5.094112290682423216e-01 -4.467469380416328462e-01 -1.030413426968700197e+00 7.013743113063508616e-01 4.724785040203011155e-01
-1.485080609102345628e+00 -3.669152441932450603e-01 -6.916596099087376492e-01 -1.164971986495391354e+00 -3.325184288893909268e-01 9.533488394248393893e-01 3.845606219222030830e-01 1.582899129602472199e-01 -4.295365860341994746e-01 4.866659919817369340e-01 4.612374470756124278e-01 -1.072395660814585483e+00 7.712550432088798313e-01 -7.867963372306461256e-01 3.619004485908842161e-01 -5.345744909691577673e-01 -5.514177125837056437e-01 -2.444508319708931510e-01 -7.370642580667895460e-01 1.070253923757013670e+00
1.704287734077641892e+00 -1.672706533665438311e+00 6.524233773991194862e-01 9.981237756041569376e-02 4.442683822705482122e-01 -5.124527169286691164e-01 -9.050062852680954562e-01 7.904089290975379045e-01 -1.404937675100407901e+00 -1.069593876955213380e-01 5.264916104973701438e-01 1.149569004166100861e+00 1.826895879193559113e-01 -9.289804651509361300e-01 -7.226085996284196122e-01 2.828321947552430160e-01 5.629148065473599249e-01 -1.271826297454054622e+00 4.199544667427475286e-02 4.940583146320533525e-01
8.647747959603635515e-01 1.995134481357782485e+00 -1.296754796160314527e+00 1.379730707786031296e-01 -7.245501398928398951e-01 -7.028540757514409876e-01 -7.623522971476791588e-01 -3.500338087245323804e-01 2.855828298161522949e-01 -5.030865487398897828e-01 -1.476168976759026030e+00 6.119386262614407990e-01 6.401003438099417409e-02 -1.882720352314510293e-01 -4.170868792565352590e-01 4.013191179892413030e-01 -9.749998458300125348e-01 -7.886460716412314609e-01 -4.379869558135578989e-01 5.707821821776931648e-01
1.562353467929809558e-01 -2.235824568719755767e+00 1.476383029740313102e+00 -1.423603068060032673e+00 -9.502105700161027346e-02 -6.204512190862915277e-01 -4.118306006236606143e-01 -1.544498314960488783e-01 -8.230162425459404130e-01 -1.479087013547673024e+00 -2.730463685327993995e-01 8.714079910264023177e-01 1.042057482152233039e+00 -1.178824472016076486e-01 -1.938498383244899426e+00 -4.394007950948854435e-01 2.732910778308389466e-01 6.794477534378968731e-01 -6.691957421568457409e-01 -2.577786476429140203e-02
6.548270742083239782e-02 6.022891911311287760e-01 -1.355800757008416291e+00 1.555568138240722986e-01 -1.041152531151711802e+00 -1.121778203727652690e+00 -1.909722454507911005e+00 -5.147972985647759903e-02 2.213049689657283214e-01 3.219040633854705624e-01 -1.814900512362489948e+00 -1.836330505182263706e-01 -1.828154934436423407e+00 4.378585989769879783e-01 -1.514920103754897607e+00 -1.443402643065455626e-02 -1.754063743700575995e-01 -8.104972900336474551e-01 -1.205528512319181011e+00 7.494847485346337601e-01
7.099682007270387007e-01 -8.879960035630072301e-01 3.317147726012972253e-01 4.776213342437141685e-01 2.884066240202610154e-01 -1.857187290338021823e-01 -1.662689187374470023e+00 -2.654268882775189242e-01 -1.856039465190933324e+00 8.490482540613730755e-01 1.493219947800813741e-01 1.848456377075845813e-01 -1.053852725291566150e+00 -9.597133843256179520e-02 -8.162683765096122590e-01 1.101285746699492751e+00 -6.675769444269727959e-01 -8.789612774295515463e-01 -1.800625543346186630e+00 -2.719760771394099177e-02
-8.740983077260366940e-01 2.313196800693513855e-01 -7.784221037168587154e-01 2.767008144992943661e-02 2.978432379664974414e-03 -2.135544757450246411e+00 -3.112147543977078490e-01 -6.413090086555700564e-01 -6.766849989438136204e-01 3.265954336527795987e-02 6.855536146698525124e-02 -5.848039402952964760e-01 -1.609538132498746221e-01 -1.385674589225931452e-01 -2.111916356583133370e-01 -3.016222967726638338e-01 7.383463611846782237e-01 -5.033694523699909773e-01 -1.259252683353961455e+00 -5.665784979876129501e-01
-9.112487610855201092e-01 -6.392964717211360171e-01 -5.745909920021694539e-01 -1.541438237186510130e-01 1.023152673045040650e+00 -1.385793509134252588e+00 -1.219207570357450976e+00 4.866236792648996334e-01 -1.073176699231320752e+00 3.371528684583890989e-01 -1.762436338984900985e-01 -7.726785271627644169e-01 -8.283707568761735640e-01 5.509185107043963470e-01 -5.601983111180509622e-01 -3.075415937149319490e-01 4.394616591256194083e-01 -9.459839986598063133e-01 -1.375991365836813252e+00 8.374461350081416899e-01
4.574134703946702851e-01 9.755639803789858400e-01 8.259594442662849811e-01 4.265043231768674281e-01 3.885488041275665938e-01 -9.186993682976516418e-01 5.531137942603548963e-01 -4.363215079368001903e-01 4.048347632310170252e-01 5.994509906269259725e-01 -1.095816771012012136e+00 4.009565659252881664e-01 5.289007062951063542e-02 9.056448248532855683e-01 -6.288209736209553480e-01 5.248199626018257291e-01 2.766034656453243423e-01 -7.324779789384078255e-01 -1.094401943221257945e+00 -9.741767994695625932e-01
1.067275872330544773e-01 6.786742820207247728e-01 1.129785823169741965e+00 2.870959468301165218e-01 -8.761074033453453147e-02 -2.997847377275417724e-01 3.332832442126056893e-01 -2.838780796392194605e-01 3.103211376829956292e-01 2.371897743585242579e-01 -6.073581289952051376e-01 -3.989166765478284749e-01 1.657571469174942413e-01 1.280421555521000232e-01 2.405191933207014854e-01 5.510078658046217992e-01 7.170553469322761275e-01 -1.273623680258523516e-01 -8.134224161583619717e-01 -1.558152740033748873e-01
-6.796580328692691797e-01 9.190793179842717819e-01 5.059571600352369414e-01 -1.095351647434446463e+00 -7.293570451106383412e-02 -7.278152290464241503e-01 8.893674204733927890e-01 -6.478979242951714568e-01 -9.983198634346300837e-01 1.434445964019837871e-01 -1.226509028242658061e+00 6.975209713102767384e-02 -1.799313747273681763e+00 -7.026723411557546095e-01 9.472255362165862280e-01 7.838987770193495130e-01 -7.165753737529053646e-01 -6.439892808279975567e-01 -9.819185181125479334e-01 2.612404967118094889e-01
1.045060243144837253e+00 1.391434925777275566e+00 -1.018971595835001853e+00 -1.597742905086152687e+00 -5.102161540124785510e-01 7.283063445062782915e-01 -1.259153773209945371e+00 7.027678712201679279e-01 -1.331644618283839954e+00 -8.986626486458627883e-02 -1.809967401849625679e+00 3.508162339325464063e-01 9.766485954440047301e-01 2.278697322958862237e-01 -2.287281029305629598e+00 -4.457879764791694011e-01 6.591215727170092187e-01 -1.382328948125133294e+00 -1.295856560880550346e+00 4.184051046576017091e-02
-9.881997150570088762e-01 -9.823274864632002279e-01 1.605585068956691508e+00 6.318352510802767441e-02 -1.633052015663532530e-01 -1.207925170143177240e+00 -3.585807346634818926e-01 9.994472333032817790e-01 -1.258882715794537699e+00 -1.702583075467321461e+00 -2.521287546935955248e-01 -3.529209925951006799e-01 -8.618893918710979207e-01 -4.373333973538799380e-01 -3.403054545995971014e-01 3.116085671146438529e-01 -2.238104801810953670e-01 -3.307164617605645174e-01 1.920406257877140255e-01 2.777408098444927309e-01
-2.705580196460691589e+00 -7.027809270365125149e-01 -1.720066595696451983e-01 -6.340816232660935192e-01 3.252758274606253330e-01 1.909914928224313968e+00 -4.567835672022858562e-01 9.969068261263865915e-01 -4.107515922216510851e-01 -9.679460211167536521e-01 -7.141693488585704186e-01 -1.454136920887149076e+00 1.095422018247860008e+00 -1.968249377345141271e+00 -8.283378103798261227e-01 -1.053652446268099174e+00 -4.706698808630888631e-01 -1.974355963668764424e+00 -7.034791353475640108e-01 -4.251887368839254999e-01
-1.687820305845596502e+00 -8.147885037929961660e-01 -3.795377471454210866e-02 -5.884340519801248837e-01 -2.073042863978223280e-02 -8.536245603707736107e-01 -1.363192402094151490e+00 6.909485093782580245e-01 -4.712095940563507668e-01 -4.271655889858078092e-01 2.865187296717581766e-01 9.698195756295396874e-02 1.975444955339756836e-01 -7.032960395183950331e-01 -1.005830282087560201e+00 -3.303523304489306422e-01 4.221292306452080201e-01 -2.861432791354889468e-02 -1.059113544501853799e+00 -5.934834589231869906e-01
9.021070586679869052e-01 -5.083893380634509906e-01 -9.945704553030002559e-01 1.882063890390614502e-01 2.059818792756971106e+00 -4.198120209352517729e-01 1.042873058082804505e+00 1.147065920218889978e+00 1.694392993524037605e-01 -2.526255790293268078e+00 -9.215279600495963619e-01 1.064085652833514972e+00 -1.211548453003967296e+00 4.991202224695910905e-01 -5.020245410312743628e-01 -9.653773145688530066e-01 -6.491047296755784179e-01 1.758825981415995388e-01 -1.890332543218151140e-02 -6.648080775434940248e-01
-9.447457719135029519e-01 -4.464814115533604633e-01 4.304695199720785515e-01 1.099057325905649973e+00 2.434987202706289544e+00 -1.253690270419033137e+00 -1.660975973788292315e+00 6.758872151276585916e-01 -5.224151345135490121e-02 -1.314596820303253644e+00 2.377548676846008846e-01 1.223617176054384997e-01 -1.151550222613032665e-01 9.149799015298612503e-02 -1.013955028918229084e+00 7.939644423665760398e-01 9.099305359787879244e-02 -1.841903253354796322e-01 -9.837811711082055099e-01 -7.844083438837202993e-02
-1.473036707384717037e+00 -1.358525645857634911e+00 -1.827527256354570806e+00 1.215814828996993197e-01 2.905698698966300841e-01 -2.285155618250289955e-01 1.332155324970635546e-01 -1.081020804062771345e+00 1.059831529912347747e+00 -1.457299699333629572e+00 -5.573878316944456124e-01 -2.391131916243568467e-01 1.354286205859822179e+00 -1.212446048539308929e+00 -1.261453340541719981e-01 -1.456722090540791548e-01 -2.319517043070244144e-01 -2.197047156989731242e-01 8.152398219331796758e-01 -7.910452308494031470e-01
-6.576823635266999535e-01 -4.651398091072392882e-01 2.291829960704819535e-01 1.402733113319223790e+00 1.206042755054145044e+00 -6.261395494823581709e-01 -6.653281570849567395e-01 3.335560567261212639e-01 8.098637280066660615e-01 -1.100378990078057395e+00 2.823298477224601699e-01 -7.263381827345628539e-01 4.804291661882969522e-01 8.790917450411817047e-01 3.627822079081592377e-01 7.410976482121605091e-01 1.088120793194143454e+00 3.022853315540661723e-01 7.209035044789187108e-01 8.266823990667868660e-01
-1.264310964514658575e-01 -4.025629866784833921e-01 1.430113365380979662e+00 6.218884873551906445e-01 -3.951088583464050230e-01 8.516514310140134159e-01 -2.349337500207460960e-01 -1.034437271431308147e+00 1.370486393385964841e-01 -2.518847797064279193e-01 -1.013917440021944172e+00 7.280184662990789590e-01 -4.190128023247994271e-01 1.872957310705591211e-02 8.148794367674579986e-01 9.775390306345839164e-01 5.908747235185494162e-01 2.882273539810147889e-01 6.698305481620481228e-01 6.164712727927819103e-01
3.216464675387233907e-01 -6.732826186938105639e-01 -1.252934052505948470e+00 -7.499846188552902193e-01 7.654826588926282038e-02 -2.146294686954032027e+00 -1.196442216664488800e+00 -1.395716354801032288e+00 1.265798440666365599e+00 2.410792618361675133e-01 -1.847567405674444829e-01 -7.122666345348601658e-01 1.423141516865622069e+00 4.734098810728116780e-01 -1.157660186005760261e+00 9.005488856281803622e-01 -9.276062017838730966e-01 3.038768997116989556e-01 -4.708074265755451265e-02 4.072074825587552738e-01
-8.413727231921893646e-01 -1.252476674012856117e+00 3.612860816085615712e-01 7.560343301084440082e-01 -9.006650826001314503e-01 -1.564924355556314428e-01 1.259116299898507263e+00 -6.499069301402937704e-01 6.956165583939988295e-02 4.872370434220052449e-02 -1.501627724353902238e+00 2.591327091479567746e-01 -1.040212154307320835e+00 -1.005282966241157538e+00 5.225960226953298982e-01 -1.177160942256447296e+00 -2.843948015216190006e-01 -8.349094699361104821e-01 -5.080789271626031528e-02 6.045852969261608090e-01
-6.280338712511216448e-01 1.171087227598950342e+00 -6.255420871321806242e-01 2.086225543989572162e-01 -3.613136490080781082e-01 7.648614452292473720e-01 8.139482806764976042e-01 -1.380258739276097213e+00 -1.797054195373229080e+00 -5.642530068287680001e-01 -2.229538331260092765e-01 -1.213115634676839028e+00 -1.575226089084368564e+00 1.492076962288077790e-01 -1.869153575268043044e+00 -1.109331087629943591e+00 -1.121609034055157106e-01 7.741506488981724221e-01 -3.377685441697220181e+00 3.901340170592885181e-01
-9.141264136521265460e-01 -6.096339423652911149e-01 1.091380081764422583e+00 -1.911676034207956121e-01 1.174732130924442508e+00 7.565093416881130128e-01 -1.266443973743331508e+00 5.874298215255822075e-01 -1.257192636727691104e+00 -1.481894466782243569e+00 1.657409834889213451e+00 -6.623484555866677725e-01 4.981314599294169865e-01 1.009866792286512549e+00 3.295061232011399222e-01 -9.955894856357511147e-01 -1.213218781292665360e+00 -1.828877861237835578e+00 -1.447314420419316461e+00 -3.013541307979699657e-01
-1.008425031431176233e+00 1.218270531702398074e+00 -1.656198610848150343e+00 -1.039557970260327924e+00 -2.665055660040585583e-01 4.877064365986427674e-01 -5.977895046778594068e-01 -1.401974573585131001e+00 9.195958332674382119e-01 3.488102914304149205e-01 2.911332080509612674e-02 -1.032501133147081696e+00 -1.523743672455788456e-01 -4.584266099482112167e-01 -5.349681884640540286e-01 -1.833079013978661687e+00 -1.319390348228922649e+00 1.346149232920353489e+00 2.586238569168984591e-02 1.709215336226184156e-01
8.328807254087317036e-02 -1.897620964778448771e+00 -4.845241578652988435e-01 -9.365722326679253029e-02 3.831762214987284865e-01 -3.650408298846416488e-01 1.010988362072782865e+00 -3.892713546031582594e-01 -1.033153900530864977e+00 1.189632013553412193e+00 1.639597419794162958e+00 7.860298089480306505e-01 -1.143017014740862036e+00 -7.840749845522355654e-01 -2.551226245207926027e-02 7.435204445941199225e-01 4.861813072816069670e-01 -1.451385329510825661e+00 1.743095157091905656e-01 -5.782995395196189881e-01
1.479879136628933431e-02 -1.650025702841481756e+00 -1.316436998462970021e+00 -8.527888101028426870e-01 1.032408705762800860e+00 -9.000165367781021164e-01 1.606397184109622067e+00 1.338901222507201533e-02 -4.643234700369835433e-01 -1.147845080447081001e+00 -4.731932182373722873e-02 -6.331856602058737460e-01 -4.219317191312067783e-02 -2.926289235951642920e-01 8.515800836928680839e-01 -8.153866870573598380e-01 -1.950446139943185497e-01 -3.379105474456479963e-02 4.713096539327561452e-01 -1.008344858123152665e+00
2.163531760675825311e-01 -2.128441839741972152e-01 -2.027318395394540340e-01 -4.531619924483671347e-01 1.595497641560605695e+00 -1.134384745245724524e+00 -6.699422594153292554e-01 -3.041862723996689999e-01 -1.205250585641415989e-01 -2.276024180789512907e-01 -6.297344360095551430e-01 -8.075889702968664929e-01 -2.322620759188085554e-02 5.511908469300241808e-01 -5.817199976745527357e-01 9.214739251440285939e-01 4.005172808201956647e-01 -7.132580846058202972e-01 5.063542923223045278e-02 -2.188064097502205874e-01
-6.744921064991065141e-01 -2.509895372000079394e-01 1.749737032224085026e-02 -1.248286493514025430e+00 1.650757975884536155e-01 -9.092827178857768589e-01 1.052714360314325193e+00 3.995946491422304736e-01 -6.980729805898099327e-01 1.567095555714771216e+00 -6.870285262756572475e-01 6.137953063959376010e-01 8.848117299552018533e-01 -2.431260995728377547e-02 -7.100408872649485170e-01 -2.104101061526195415e-01 1.479936687313681068e-02 6.148917624790414121e-02 -8.969188558668730882e-02 -1.570419810209414957e-01
5.194588354606285430e-01 -3.221237314124429374e-01 3.747290335596107913e-01 -5.990114150732507303e-01 6.176973148957493054e-01 -7.811455434964584832e-01 -1.118025328413374764e+00 2.027528499672213713e-01 3.205152933835849760e-01 4.014263328264191522e-01 1.078407953009920206e+00 5.329776132816235190e-01 -6.503028292891237412e-03 -1.522137404641312974e+00 -2.558830316947682704e+00 -5.944645218381130330e-02 6.406608729266052293e-01 1.098570733001243083e+00 -4.677145969243150514e-01 2.064232660688325172e-01
-1.401899219403980101e+00 1.925800852206373870e+00 6.341830244143613626e-01 -1.123614781943939933e+00 -1.148334085774712854e+00 -2.463308154435618125e+00 -1.014964182665517578e+00 -1.873179520325374048e+00 6.844509220442894781e-01 -1.055771135983780251e+00 -2.138797239323366739e-01 -4.882376545083917940e-01 -3.011712641424219683e+00 -9.586943249299493264e-01 -8.033075269324794210e-01 -8.931844249022019566e-01 -4.643816766704135235e-01 7.579986772397550032e-01 3.849428176809194246e-01 9.982741762543513309e-01
4.680621925109591519e-01 1.332006779307694844e+00 -9.908960926846194228e-01 -1.172392769031038506e+00 -1.129795984086178429e+00 7.994350196124666574e-01 1.081899517824045143e+00 3.900345150243310355e-02 -1.170717614978909138e+00 -6.758732630481321113e-01 -1.540701269954860564e+00 -1.012352927759701537e-01 1.828000911189320288e-01 -5.518382890214926784e-01 -7.337123785726170633e-01 3.451942255491964873e-01 -9.604591817215102356e-01 1.448002912345043081e+00 -9.016622013800753566e-01 -3.134754643337807622e-01
-9.437197943331698813e-01 -5.495167171388820604e-01 -9.803933300644834814e-01 -1.051802166472828981e+00 -1.057103426299888627e+00 1.652289697573072536e+00 -1.485603913491973183e+00 -1.874148477548830627e+00 -1.759730647825964889e+00 -5.082660886974331715e-01 5.486393097375897865e-01 -2.112691689476247914e-01 -1.258343439423772914e+00 -5.751399174924892721e-01 1.802246193487727410e+00 -5.375084138741650364e-01 -1.083338151405827787e+00 1.292321767040652603e+00 -1.980864632208688025e+00 -6.664412685088900723e-01
4.945897090352265324e-01 -9.659040548770252421e-01 -5.702922396309890729e-01 6.460633667239191746e-01 -8.606757008719391200e-01 2.139716746617096543e+00 2.915431076664008747e-02 -8.403502045214620297e-01 -2.221695168939846199e-01 8.917425057934908264e-03 -4.774083722847298761e-01 -6.610116452448560054e-01 -9.563853400346087330e-01 1.265788243747617337e+00 -7.581870855316790170e-01 -1.279170228660456266e+00 -4.130953748958036686e-01 -1.345959250100541515e+00 1.175572496655514110e+00 -1.543595026879651000e+00
-1.650229141913450048e+00 5.160918720623671740e-01 5.219548672027657377e-01 -8.009281302986391571e-02 3.603798634725376843e-02 6.620048875337339878e-01 -9.082899111454399987e-01 -1.202056117755505582e+00 1.296081783401329846e+00 9.472033076916541727e-01 6.781088083861694926e-01 -4.020101542669609618e-01 -2.621511240689776034e+00 -2.425381351185600831e+00 -8.200113126934900354e-01 -2.420260673005122931e-01 -8.007861901417541173e-01 9.989110919620498574e-01 -2.542132733266700750e+00 1.078574346517295057e-01
5.173818863666812540e-01 -2.290734941314683526e-01 4.903932471581134989e-01 1.263023123303211426e+00 -2.635251310236337852e-01 -3.187503150801323515e-01 1.345147851148565277e+00 -1.517644151451694512e+00 4.297947989399474866e-01 -6.555691642347605264e-01 -1.145388279045800761e+00 -4.777062127660882535e-02 -9.874354149737465391e-01 -2.147726138135628293e+00 -1.174779113540233899e+00 1.135199036654553684e+00 -8.460257149352556905e-01 -1.032968250797472898e+00 -1.647510455905700555e+00 -3.454875240371955702e-01
-7.359489122803289929e-01 -1.053176463208421954e+00 1.357797698443273138e+00 -1.739607702410432388e+00 -6.084045273884624017e-01 3.473700324448622534e-01 -8.873676859044175025e-01 -6.631612677714378012e-01 -1.556409303130438904e+00 1.061526005334122669e+00 2.200933950050711629e-01 -3.836410294636997675e-01 -1.663685966291193363e+00 -2.210806650629001613e+00 4.847739992377691487e-01 -3.985520408725438252e-02 2.263259825298958583e-01 7.441567407491796182e-02 -1.611643992667069369e+00 -5.204377761412251058e-01
-1.182608358120803782e+00 -6.175700902143931303e-01 -9.073510663782260455e-01 1.135893161803591012e+00 3.128197884484773539e-01 -1.717232211039819267e+00 -1.193519331857972432e+00 -1.017506780473061978e+00 -5.518359376794233079e-02 -8.898779191288684609e-02 -2.167413237718765373e+00 4.547426590085604237e-01 1.009524116057119114e+00 1.277934343818097451e+00 1.656072221356280350e-01 1.626644314082014597e+00 -1.754276051935791114e-01 -7.856957206770848190e-01 5.312628322659612712e-01 6.378380242124532806e-01
6.854222717848185153e-01 1.452832894024091437e-01 -5.051281092277287721e-01 6.664225996036949873e-01 -7.201219036460630996e-01 -6.864922020246388978e-01 -1.555553186066723992e+00 -1.556866431899906589e+00 -8.086768130688313239e-01 1.379708675287105946e+00 1.155520375293541541e-01 -6.724703180034525829e-01 -1.061507192533647448e+00 -4.027592756633330828e-01 -4.697845376544948492e-02 9.523223994860270381e-01 -6.396087055383382625e-01 -1.692089146703333047e-01 -3.573504422607626796e-01 4.695833883373955464e-01
-1.604996923680102494e+00 -5.090037551467008203e-01 -4.557044791809841677e-01 5.576453796872139490e-01 -4.695022514438107475e-01 5.977599603887471247e-01 -6.095951231787335445e-01 -8.207450057308638414e-01 -1.004102779803347278e+00 -1.049049658269347818e+00 5.138996208490326234e-01 -9.027373177297530749e-01 5.937934674431987608e-02 9.060065152685250686e-03 1.659644952885240832e+00 -4.170698702684889070e-01 -1.868889148258733868e-01 -4.695651989104153157e-01 -9.491816256653838879e-01 -9.295099544816630699e-01
-1.439428413345321456e+00 -8.551647868672538344e-01 -1.733641279772389021e+00 4.057353273670544908e-02 -4.059971720801382467e-01 -4.058705445124948241e-01 -5.680227859257436229e-01 -1.028872604266694246e+00 2.090009457622830080e+00 1.355117992389355708e+00 -2.722892909120099958e+00 3.079947776693834904e-01 7.672399850317054293e-01 -1.701426953952308863e-01 -1.821715295804468671e+00 -1.001736165442730808e+00 3.313322856824265639e-01 -2.403604036958609247e-01 -1.165072259181332948e+00 -6.722622759819488758e-01
-1.005871457717780526e+00 -1.759711300715966598e+00 -7.647565799177781232e-01 -7.721517700470454937e-01 -1.418457833884486874e+00 -8.868161157235265879e-01 -8.352922603949398950e-02 7.660124874445112253e-01 -2.080678299792636743e+00 -8.816796417057535251e-01 -1.021319250704011194e+00 -3.208848846700507185e-01 7.722315209108735479e-01 -1.347348029729807273e+00 1.122232912079810685e+00 -5.169681427348720160e-01 3.172555008321982783e-01 -1.616209925470387665e+00 -3.020284160699858056e+00 2.625058392425793641e-01
2.218810412980973812e+00 -1.035032377542612236e+00 -1.400311200554645641e+00 -1.260269685275528184e+00 -8.986074642732224671e-01 1.420035799925954745e+00 -2.595919576751522587e-02 -1.033491547809040512e+00 -9.686005139107831674e-01 2.812000168583629334e-01 -3.293853003042399141e+00 -5.548494612297972806e-01 -5.505641182009615719e-02 1.158463559636577628e-01 1.693871490055044449e+00 5.338209542166918314e-02 2.355931721656389366e-01 -3.234333416725622135e-01 -6.325239681209093856e-01 -2.968511044642745400e-01
-4.807582647188099467e-01 -1.008688032546132929e+00 1.146821337169552146e+00 1.815569514419103303e+00 -8.485635721676874077e-01 2.337107440289337923e+00 -7.597404332870267840e-01 -2.814052746187161724e-01 1.768813960202444968e-01 -8.953510613696956666e-01 1.730054576831915991e+00 -9.047929732824857574e-01 -1.219493023930554809e+00 2.105540039683841957e+00 1.078214453126586703e+00 -1.470961615820514545e+00 -1.843892694706066315e+00 -1.117858814285491276e+00 -4.110778523954964903e-01 -1.935911874004201172e+00
5.513439850505668094e-01 1.390053979633248948e+00 -1.013209178234517394e+00 -2.116691936204465829e+00 -5.324399960708037227e-01 -4.102046958570512714e-02 -8.105632109090671333e-02 -1.318367324159759546e+00 2.638820257888227605e+00 -9.647737830610456644e-01 -1.318157016213145516e+00 -1.466354450528403186e+00 1.998218134248599176e+00 9.836447434726478672e-03 -6.993725192389204093e-01 -1.583852896685197464e+00 -5.512362861574952172e-02 7.259154601138757129e-03 1.839481024498283990e+00 -1.484579051036332809e+00
5.040775537375927762e-01 -6.953996425355838396e-01 -7.321568040789280252e-01 -1.470749308323694882e+00 -1.540355784937721628e+00 1.134643997545433214e+00 5.632080261566624335e-01 -1.408678490584708509e+00 -1.362086372626271968e+00 -2.303576857405889466e+00 -7.375129391552949221e-01 5.395273121367025748e-01 -9.039213721537638913e-01 -1.313834039364515149e+00 -9.648496785686308877e-03 -1.426683606096473822e+00 -4.626265044580474273e-01 1.102587406450864949e+00 9.136480118748812052e-01 -6.940151499889540831e-01
1.428042525298920840e+00 1.047298942941395028e+00 -5.998764535302666956e-02 -1.508061328409040058e+00 -1.248391335107396971e+00 -1.529332190228044119e+00 4.376766460155320226e-01 -1.211339158220453349e+00 -5.239861731445074611e-01 1.098715464609671510e+00 -2.481087377064458810e+00 -5.422737449541308319e-01 -1.372643684556973387e+00 1.054789489643258138e+00 -1.663746536330109604e-01 1.789592219068800727e-01 -7.708442763097221873e-01 -2.149541771589493777e+00 6.363503197541049428e-01 -3.601118342626860591e-01
-1.076114619024044927e+00 -8.566949145047313419e-01 -1.396312451302127999e-01 7.670128878903408332e-01 1.905001129790755421e-01 -2.241335138954354100e+00 -8.583924922585146611e-01 4.169923293158044331e-01 -3.777077580714394700e-01 -1.844623384812424272e+00 -7.090513697702720275e-02 -1.013349926167249615e+00 1.347379810294485614e+00 1.664954040289985171e+00 -3.948457413203316779e-01 3.603149590460150153e-01 5.643618410420973008e-01 1.478987017641907764e+00 1.040745770218683086e+00 -1.268632979999639199e+00
-1.063593876415193096e+00 -4.989012889273345963e-01 -6.151333999104389161e-01 -1.089657344960255125e+00 4.082966366450499485e-01 5.838998406939662766e-01 1.059921486594838091e+00 2.512619090378498954e-01 -4.365882763810332023e-01 1.887174008493492039e+00 -7.441299246922292721e-01 7.623298280847116970e-02 1.347314719035636932e+00 -1.067142981083970765e+00 -1.096652987339380658e+00 -1.259602066915702645e+00 -9.483865315282331565e-01 -9.269857207234732943e-02 9.469583982918677867e-01 -5.012376986220909991e-01
1.608232276377065784e+00 -6.245712799882958688e-01 6.125949131935322090e-01 -1.353251539999804354e-01 -1.002451106009412563e+00 -1.007849775465437414e+00 -2.634087994302553026e-01 -5.462628640370008615e-01 1.084541162750783938e+00 -4.293377822991395476e-01 -2.268452875729530804e-01 -4.011291130605262878e-01 -1.259320316167917397e+00 1.117119601718598254e+00 -1.150151252693742965e+00 -1.612847904496901852e-01 -9.544144205966272887e-01 9.595731187951192509e-03 -1.243295983111169234e-01 4.703726026541980576e-01
1.267944376720896882e+00 -1.049567110817430482e+00 4.430111113035267723e-01 -1.460387789604504993e+00 -4.116131367198981317e-01 8.788425695837310814e-01 -5.577201419940611693e-01 -7.413818485223961918e-01 1.960793223867382529e-02 1.348843715780738473e+00 9.294881671176569160e-01 3.422890335738221212e-01 -1.201892837963638883e+00 -5.216455206072247996e-01 -1.202367837978389087e+00 2.488589781333291062e-01 -1.890462516238070045e-01 1.369361802053463417e-01 -8.625539931814711903e-01 -1.447825534167812567e+00
-1.026219685898799305e+00 2.785099610048538676e-01 8.991255008723432474e-02 -5.114154887405553129e-01 -9.168717003917810360e-02 -3.956209250498798902e-01 1.031151991945614688e+00 3.574446138413535090e-01 -2.363604841828474079e+00 -6.740314040275603436e-01 -4.228638178955380633e-01 -4.929106471210584206e-01 7.883327416282716049e-01 -1.360777009898170187e+00 -9.977284394382121002e-01 -7.300946190895261090e-01 -8.041300641850555042e-01 -2.182973763426900415e+00 -1.108656926841053991e+00 -6.847704617078596012e-01
1.791376833044450723e-01 -1.419786000530566250e+00 -1.960728608410133633e+00 -1.476095290666112447e+00 -1.069723960742497981e+00 4.411596461887846710e-01 -1.799379922111043806e+00 -5.445112628189793247e-01 5.147598955724499437e-01 -1.018717506522234473e+00 8.764628798388710562e-01 2.289998414812425553e-01 -1.436552144754723592e+00 -1.361708130760951763e+00 1.346587302619545845e+00 -4.659599582414292729e-01 -3.375895884567829408e-01 -1.318851129351167328e+00 -5.824216464433221163e-02 -7.574332020717091662e-01
-5.540541617115836426e-02 1.950891690036402615e-01 6.304718492985961209e-02 -3.633721536578295441e-01 -1.400825716792004183e+00 9.951905285157293113e-01 -1.283725533041111255e+00 1.142419742833487906e+00 -1.500226782959620531e+00 -1.334548789689764314e+00 7.700267138639701470e-01 -1.868522449213789294e+00 4.232526093974494086e-01 -2.057365961862820114e-01 -1.898818811215884139e+00 -1.334973355314666987e+00 -1.972380730649146097e+00 -1.075886534617802148e+00 -1.232046685980782375e+00 -7.723538707072397091e-01
-1.126474008338842037e+00 1.092007665855651011e+00 -2.092366358292357731e+00 -2.005296133537834979e+00 1.490836622867243999e-01 -9.409963910767208395e-01 -1.324368876213493085e+00 2.126984260856370490e+00 8.406210228063030199e-01 -5.636000785555806969e-01 4.140140226966745329e-01 -1.534359327311958454e+00 -2.173138387456764242e+00 -8.829272907013898664e-01 3.474765065618490301e-01 -6.994155544013459513e-01 -4.742937586324037502e-01 9.307565168729711180e-01 9.098044895695632794e-01 -7.057055096220453683e-01
-2.866161044136382507e+00 3.645952969826771750e-01 -2.248260830630656182e-01 -1.052988598128538289e+00 -1.851247866776189188e-01 -3.870684935095331625e+00 9.741631491777281715e-01 1.693574918937047702e+00 1.214990116020109728e-01 3.462464797939029948e-01 -2.475469505773557621e+00 -5.629133670647473719e-01 2.868036436304610692e-01 -5.863299851239189842e-01 -1.470034873216208959e+00 -7.935025528384026527e-01 -2.495281738752336831e-01 -1.033259455494764056e+00 1.757482581885859041e+00 -8.212391614694189990e-01
-2.678960581840828858e+00 -1.519076112107833998e+00 -4.060285955399965951e-01 -1.040390986287612396e+00 3.237550217769053496e-01 -1.274494303268617124e+00 5.822446287932450115e-01 5.071544803873071494e-01 -7.363864338514849450e-01 -2.024175472368524575e-01 3.035123161067466713e-01 -1.324759038774131203e-01 -2.746881692547089027e-01 -7.305134488204131360e-01 -6.830589805487992106e-01 4.833425448697628579e-01 -1.697075602778215231e+00 -5.084855880092513658e-01 -2.038848250752201885e+00 -6.346718623719014296e-01
-3.534001211236297707e-02 1.406683115421566654e+00 -1.705367841792028993e-01 -1.612797791353579313e-01 -1.024304554746590101e+00 -1.022620867401466738e+00 -8.594708368453513048e-01 -2.728232858819475970e-01 -2.058755061756254445e+00 -3.267476976649975606e-01 -1.229372721251449141e+00 -1.026621583120099102e+00 6.572704554527086795e-01 1.356734500701915758e-01 1.117667526840291581e+00 -2.099999966493711415e-02 4.016777581467039782e-01 -2.116593703264147752e+00 5.196657892231258957e-01 3.002864040148434666e-01
9.343703128331046770e-01 -1.358707181642771600e+00 -7.753143753495503887e-01 -8.430978307986340958e-01 -6.166851569844528785e-02 -5.194549913468361479e-01 -9.042272738137168142e-01 -2.692124033269062688e-01 7.897243776692554063e-01 5.768891008548213128e-02 -4.597255500195749356e-01 7.961397941613180818e-01 -7.490712670091353997e-01 -1.138387392384664132e+00 4.538089183802652693e-01 6.460191490491185018e-01 -6.349748252311977481e-01 9.341738207206699007e-01 -3.174147999157761024e+00 -2.493359933579029908e-01
-8.219820806348556719e-01 3.962299100341262204e-01 3.072351218176120335e-01 7.921441189663351867e-01 4.242695285358081270e-01 1.284854534364877898e-01 -1.005660808227055503e+00 -4.601352953248162847e-01 1.593488297724673375e-01 -1.039945242766768585e+00 -6.645643783269660210e-01 -3.542689452922308524e-01 -2.505718675201209056e+00 -1.394740530183405935e-01 7.839779042418170141e-01 -1.974891770671999836e-01 4.109249833658238926e-01 6.458962111154448182e-01 -1.029208596349831861e+00 -9.914918548120987829e-01
-1.729286934594304603e-01 -3.879135923089049864e-01 -5.391274754870433172e-01 4.582170174663494078e-01 5.132484821838435574e-01 3.044022193137727039e-01 -8.812734697186870580e-02 -7.447317643113063323e-02 1.364466450458892421e-01 1.463005775250475038e+00 -6.377100401614631542e-01 -1.150669537141031235e-01 2.022724403618108013e-01 -2.058069121501612031e+00 -2.561592435226392794e+00 -7.208836714534511136e-01 -1.051184696550308662e+00 2.919623764364800422e-01 -9.001438883493281251e-01 -3.782842205750883702e-01
-2.458474110522644640e+00 -1.624604426117287614e+00 -3.665877062947304598e-03 -8.786956706440859355e-01 -9.014644712283866046e-02 -1.163620757939088035e+00 1.965116332869556226e+00 -4.864331381830243606e-01 1.020323443450449341e+00 9.662969717676604953e-01 3.356227831200383482e-01 -9.197607366895200753e-01 -3.635703973064228212e-01 -1.518369846199185247e+00 -1.140174782700531658e-01 -7.635538589807657761e-01 1.721189213214486535e-01 -2.013106741609857142e+00 -2.500618542613982156e-02 -5.091247350425670559e-01
1.828268092102383058e+00 -1.094340682799482156e+00 6.603758188863598777e-01 7.165840076289581306e-01 -1.031566819129434043e+00 1.671009169264090710e+00 -1.677170724525809620e+00 -5.753796229497921688e-01 -1.017576577269769356e+00 -9.303499914459533171e-01 -1.238485098204435086e+00 -3.454148290366447216e-01 1.637076856810792957e-01 -5.426218054953431125e-01 5.198958245812489443e-01 -7.027564496231145652e-01 2.084431349841048831e-01 -1.502146675474907989e+00 -1.368324418158413547e+00 -8.674813887233105980e-01
-1.267785141074005972e+00 -1.386175082747356235e+00 -1.784220430591316520e+00 2.609917159656204078e+00 -7.936423286733439442e-01 -3.723115309376717197e-01 -9.263988633588505772e-01 -1.829949155615860912e-01 1.223163857274144561e+00 -8.145763509629071475e-01 3.598121993929526922e-03 2.449205417742546936e-02 -1.016495943536768198e+00 1.180086106878342811e+00 5.586480825733525224e-01 -1.552404409330992552e+00 -8.855012910570313478e-01 -1.366420178645088246e+00 5.214442599614615981e-01 -4.067893944008501017e-01
1.285732217659312004e+00 8.709267621195412312e-01 -3.222459278555310780e-01 -1.354001452736746991e+00 -1.059680769586140103e+00 2.550017389564792070e-01 -6.024213062356225112e-01 -1.857818211230330752e+00 -1.238799624352129536e+00 -1.128824856893461792e+00 -1.898032795978906506e+00 -5.471790677148784532e-01 3.471034986468724548e-01 -1.140948281563969990e+00 -1.709139846475293156e+00 -2.461553551476617085e-01 -1.416418546408166057e-01 5.110154788623991751e-01 1.515306972633991833e+00 1.485254867003994450e-01
-8.568814331507790261e-01 -5.746089286766682402e-01 4.687991801534479586e-01 1.065581685439286608e-01 -1.932279356811694049e+00 -1.080831086239288474e+00 7.411479654905275827e-02 -4.836501849235566031e-01 -2.147941104736161844e+00 -4.395154857829483563e-01 1.207437668822490817e-01 -5.086084413480586042e-01 -1.165070015484426902e+00 2.287867422125281630e-03 -1.164348689136621845e-01 3.341176939323867168e-01 4.115489008981554342e-02 8.105238897621291905e-01 1.835970994343874896e+00 -7.098407809816195124e-01
1.626374135829797396e+00 6.320308287001326075e-01 -7.735296342874510289e-01 -6.320312804989391964e-01 -7.458282107411030593e-01 -1.755806980497109260e+00 -4.611106416606712832e-01 -7.254016467009219982e-01 -1.611862316216482682e+00 4.091524700915621926e-01 1.203107648224623238e+00 -1.414648199539825513e-01 -1.663047786539226802e-01 -8.125527250832502713e-01 3.023838995814033259e-01 -4.053517086487869181e-02 -9.338476902152851311e-01 -1.034876292953005539e+00 1.623622035507236161e+00 -4.696988625675415641e-01
-1.755273604141205368e-01 -9.581699103658128935e-01 -8.133857203393152213e-02 -6.276555015008609129e-01 -1.523423932153521898e+00 -8.082300879328773169e-01 -1.821186010570692959e+00 -2.852783286440302435e-01 -3.392902312379359464e-01 -1.299795678545936584e+00 -1.314026241700216646e+00 -3.038160447410269693e-01 1.651830477155213084e-01 1.069941199858927883e+00 -2.468094943180480505e-01 -1.105586264158181065e+00 2.289712830114658537e-01 2.943367526494558573e-01 6.928715395421793932e-01 -8.760078688401905511e-01
3.586253209507001549e-01 -1.055023818709571959e+00 -6.887518780451215017e-01 -4.849324245211891760e-01 -1.121717713908505720e+00 -1.373527048138473983e-01 8.720345865901523164e-01 9.985248528010133295e-01 -1.003027649905338992e+00 -6.833495073434527056e-02 -1.421128331068408357e-01 -2.700153744159100588e-01 -1.708138322966104919e-02 2.025306316300699849e-01 -1.502891989940662754e+00 1.111512305023516944e+00 -6.099449559209628724e-01 -2.037773869865270981e+00 -4.054223996623018689e-01 2.573945908621345230e-02
3.648489742639671740e-01 -5.500241830705040469e-01 -6.772521799235129425e-01 -5.119034110594107290e-01 9.842225006743181570e-01 -1.024707080422024408e+00 2.662919882225715518e-01 -1.283995204256543676e+00 1.609493830992271279e+00 -8.121266901399932792e-01 3.820752110871450391e-01 -5.195631209726162547e-01 -1.462259129952058645e+00 1.138932890781207075e+00 -3.066539923472564322e-01 3.323653464367600230e-01 8.360432062343473580e-01 9.964787064769020652e-01 -3.433412597008813627e-01 -4.528747361817289652e-01
2.185333069597011901e-01 1.212182926561305822e-02 -2.825928759536492918e-01 -1.113143428531351731e+00 2.279309756610567728e-01 4.420430989760787965e-01 -8.011722603288315980e-01 8.140501109750095665e-01 -2.065604752691110602e-01 1.225116301355915205e+00 1.270236477401422315e+00 -1.031786045214390324e+00 -1.407065866122865216e+00 1.654449898185191281e-01 1.746370542568413398e-01 -8.934056366454601328e-01 -2.950726423018397715e-01 9.774435557002572050e-01 -1.470372524932869629e+00 6.044895257309759740e-02
-1.732440395938817712e+00 -1.069559494821999746e+00 -4.970899629644526599e-03 -1.174684388582418970e+00 -7.867988320174378325e-01 5.278082329040754139e-01 1.237313709507566806e+00 6.191850743553121150e-01 4.396977259681691397e-01 -1.942536913232886908e+00 -9.575628686984820614e-01 5.772335508875774401e-01 1.595895174578728204e+00 -6.275912561145685631e-01 -1.967547889588670440e+00 1.562707831272452386e-01 -9.920788302477855092e-02 3.678176561138941092e-01 -4.089461462716245110e-01 -8.369727878094245233e-01
-6.864587475250261139e-01 -6.693078134975467552e-01 -4.185785211243824300e-01 -1.084381600381087107e+00 -1.464880779734058225e-01 2.966315648286729778e-01 -1.212202739959000075e+00 -2.092347879315927806e+00 -2.043745752740170563e+00 7.070880025814307857e-01 -2.887592401889295737e-02 -1.861056950122264853e-01 -9.732013984599063861e-01 -7.219282673154591157e-01 -3.903157858524870100e-02 2.078477566963594370e-01 -6.520492928010801492e-01 1.173679485175666670e+00 -7.090802592698384199e-01 6.084390036625256931e-02
-5.097901276857326192e-01 6.349285609028870736e-01 -5.343314047724873062e-01 1.037907680605052230e+00 5.838300175936849135e-01 -1.418345372039335084e+00 -1.167566500141191899e+00 -8.348372337751145400e-01 2.542931256701339710e-02 -2.464723365272775357e+00 1.442877508359325933e+00 3.123783587886879154e-01 4.742375128226564707e-01 -1.748608794689665125e+00 -1.821097329124067521e+00 -4.323648234795272605e-01 6.150421634744841770e-02 1.173753563036518122e-01 -4.757465579147827639e-01 -1.085245474178764935e+00
-8.479299026742549428e-01 -1.729265330072063289e+00 6.917874020289180859e-01 -2.431918550932717082e-01 -3.713255632221885150e-01 7.423491977332672409e-01 -5.842912403227760176e-01 -7.229207743222482163e-01 -9.610025116298444026e-01 4.558770478393204262e-01 -1.194476184647534911e+00 -2.392407181491847459e-02 -1.516335106904824537e+00 5.731819614069370017e-01 -5.305493476067855985e-02 1.765848257969071522e-01 4.963474061013465333e-01 2.340726024529570015e+00 7.866190328545007437e-01 -1.581727019563732017e-01
-3.822170970960485081e-01 -1.757333425253995163e+00 -4.453194343805655375e-01 2.446827883465353126e-01 -2.586031679429804386e-01 -2.761987113370746982e+00 -4.770523884780354940e-01 -6.649102973451216370e-01 1.014768986809491125e+00 1.960766742349794589e-01 -7.893242503364725771e-01 1.163965107262319477e-02 1.410293604876313500e+00 -1.979917252491439461e+00 -1.628593194858242832e+00 6.245324038785154963e-01 1.129861288849165479e+00 -9.729667332513547429e-01 2.255072952960935684e+00 -4.807086867089550020e-01
-1.142313725875965691e+00 1.056900923401861592e+00 7.532440539495885989e-01 2.145686486431286788e+00 2.239400669811179023e-01 -1.141789043720264685e+00 6.073343346817215715e-03 -1.149618809437606748e+00 2.779441440089238102e-01 9.812133965551723680e-01 5.939676987908265593e-01 -3.738388309391362241e-01 -1.769903626786379247e+00 1.292294341955433634e-01 -3.132077847361072753e-01 -7.588482185385431178e-02 -1.064210002090680174e+00 6.255770428215429169e-01 4.702464249749992442e-01 -4.653043377174982953e-01
-1.580494342031766086e+00 2.659219880934050595e-01 -2.780987928477740012e-01 8.200285098796858407e-02 -8.657956398533291908e-01 4.151059486883365013e-01 -1.064375759946295075e+00 2.549964878350832742e-01 -2.367176158244551409e+00 -4.561167627755746135e-01 -4.818192759402580294e-01 4.199646711310585090e-01 -6.477716522356620488e-02 -1.038133761032961955e+00 -1.128172525487846301e+00 -2.920975415337150882e-01 -5.885835448001602854e-01 -2.099211008148514246e+00 3.377614699502204387e-01 2.505437148044471485e-01
-2.164814629409898827e-01 3.730150123834978793e-01 4.188884762328691225e-01 -5.354830512649548790e-01 -7.357917190134464214e-01 1.293989951821435946e-01 4.558736729088098127e-01 -2.870227897721593369e-01 -3.433183223167176473e-02 9.139201539870038804e-01 3.360597073214127706e-02 -4.995374978705013347e-01 -1.659591356073802482e+00 2.077473156401363208e-01 6.985453389797516843e-01 1.633418729768957744e+00 -5.581955997278858356e-02 -3.078676791830619111e-02 -7.402114642164503433e-01 -8.122830922634798334e-01
-1.216962904655555455e+00 -5.903754020253479950e-01 -1.017448310842650416e+00 9.103149531314309595e-01 -2.250956690533375271e-01 5.816360354794827270e-01 1.071648211827497810e-01 -5.984804016701164020e-01 -1.165343579710051314e+00 -5.744672335203860891e-01 -1.407031774574460048e+00 8.111275180280355102e-01 -1.428253447715489122e+00 1.375241184785997550e+00 -1.067637974301398174e+00 3.991159626299130569e-01 1.654744570624454292e-01 -1.786738548449846586e-01 -2.719622008117733025e-01 -4.311018936811612107e-02
1.534935183828957550e+00 1.629475395007005112e-01 -3.932884862273814536e-02 -1.042237034144205765e+00 -2.238473890892109519e-01 2.327221317012147850e+00 -1.331662357411076192e+00 -5.382449151343245974e-01 -1.154975054756669284e+00 1.152068790706488821e+00 -5.747271959159652027e-02 1.041753215174996139e-01 4.728781821274271047e-01 -8.177383382394113331e-01 -1.420621993242049186e+00 -1.024680210110565204e+00 -2.387592818313068743e-01 -7.360882794393749373e-01 -1.104342822429282611e+00 -1.962426891933660156e-01
-1.560819482540285241e+00 -9.958428915102903248e-03 3.217221773939244606e-02 -1.701759429144303615e-01 4.714065210432168418e-01 2.026699654960437691e+00 -1.677732107089539570e-01 -1.682428093073880249e-01 -1.464720334137388003e+00 1.235519432550025831e+00 -5.003817273353724504e-01 7.208677138632046955e-01 -2.211630230708908074e-01 4.561106050874103035e-01 7.503389758993017633e-01 -3.860484586528699635e-01 -1.160313626134529930e+00 -3.749310744631742520e-01 7.832116799093814530e-01 -7.251515610507728304e-01
-1.137931268268041363e+00 -1.488599269993946816e-01 -1.412032301819522662e+00 1.313679780798469476e+00 -2.865429153085275460e-01 -1.041603148384782074e+00 -2.931709909800596647e-01 -7.157134853072848468e-01 -6.186161837556401755e-02 5.533071364345677479e-01 -1.725903526750554584e-01 -1.029999173181022298e+00 6.025637807725586770e-01 -8.668905210180051224e-01 7.283012125077505949e-01 -3.930185584460006709e-02 3.796388977516885754e-01 -2.272263549709356845e+00 -1.431517484535592466e+00 -7.630510601139821603e-01
-8.908071379248119204e-01 4.085985442242549559e-01 3.134572828997873135e-04 -7.975885121348670337e-01 -1.254836655326922790e+00 -7.735467394580034517e-01 -9.663864064872714765e-01 -6.543929414030287273e-01 3.135309780066877772e-01 -3.640419736845752485e-01 7.013975220716210934e-01 -5.253296823269824195e-02 -1.916184973191806806e+00 1.177324435732018504e+00 -1.710597982098734260e+00 -8.512112192442600200e-02 9.087857244159017744e-01 -9.884944403981780203e-01 -9.230122409352015111e-02 -1.391540518575230811e-02
5.508167643977152084e-01 -3.276134391724226935e-01 -6.175793241635538777e-01 -1.970209363702782046e-01 -1.021577084381540823e+00 -1.703482709003433460e+00 -8.761200953992621665e-01 -1.980829020306563937e+00 7.278617435630156951e-01 5.254938161589790546e-01 -2.537605552800966890e+00 -1.051361824541846124e+00 8.895033949674275853e-01 8.465269600622534751e-01 -3.222135203538626369e-01 -2.412504079963452563e-01 -2.018842227380450716e-01 -5.750677561592608678e-01 -4.241595781672545251e-01 4.354092865168845972e-02
8.374433988785251470e-02 -1.748120532640498492e+00 -6.015063507979330482e-02 -1.834960815516922805e+00 1.213365274236732211e-01 -2.324384323478227543e+00 8.864810681867180131e-01 -5.884389406631235220e-01 4.199636048955629475e-01 -1.643637071435311903e+00 6.054911817614595515e-01 -1.040786699402574067e+00 3.909356833824152999e-01 -1.054776609999316106e+00 1.827530329508753271e+00 -9.672262614622015864e-01 -1.180661956106502514e-01 1.116498370745596436e+00 1.524053320365030384e+00 6.034335227325241524e-01
-1.652537055946073918e+00 -6.010047314204989277e-01 7.762637132359170300e-01 -3.524608740197300860e-01 1.328108802738263428e-01 -5.925675343086060920e-01 2.803041257734210923e-02 -8.710619147966324194e-01 -3.850844128599353877e-01 -1.887064614909734761e+00 3.734325694790233824e-02 5.264660837256056602e-01 -8.487168837494132867e-03 2.913767531414230283e-01 1.375817055810079292e+00 -1.915450825285094083e-01 6.998295534641129079e-01 -4.475102349029045357e-01 -1.081934221492742099e+00 6.437922544157183291e-02
1.067786175143799199e-01 -6.841821366294950635e-02 -1.143600918513388631e+00 -1.076144048489569460e+00 -1.163830131875129986e-01 -3.238842811974657621e-01 -1.116736553203505622e+00 2.316667608333587702e-01 6.378662768199300226e-01 -1.912983129128545401e-02 -2.776110156214595462e-02 -2.851960891670382581e-01 6.135846091926161483e-01 -3.964663269260333966e-01 -9.562422653351078106e-01 -1.789112838220033308e-01 -8.888148807154989672e-01 3.468620561581843287e-01 1.383982595758156131e-01 -7.567753861933514958e-01
-1.223622643388015074e+00 -8.124509781421437871e-02 4.552590204063333701e-01 3.426462125919886859e-01 -3.065808211624280744e-01 5.571248428040760370e-01 7.673695837531369079e-01 -1.980175435102085948e-02 1.144230259029956231e+00 -9.024950274281209328e-01 5.761285542996624071e-02 2.277512897916247059e-01 -1.022958361962369445e+00 -3.892492107619818786e-01 -4.089929019241630437e-01 -7.312012856130877259e-01 -3.092874586335259135e-01 -2.443627032967259360e-01 -7.124251469478420917e-01 1.671273916155559605e-02
-1.008261064953556163e+00 -3.284886882195284241e-01 5.287073503906591920e-01 -7.943365743407579393e-02 -1.702623562637515797e-01 4.259088130408097417e-01 -3.317186569696884968e-01 -5.186326473824995897e-01 -6.810871668945103208e-01 -4.631124075267771256e-01 4.114794506635430227e-01 -1.087230362161567321e+00 6.396998421982143246e-02 1.040164662982231203e+00 -7.252385389327349330e-01 -3.011304733686146484e-01 -4.901873568753157828e-01 4.742106829425165593e-01 5.761585275827343366e-01 -6.409807314773421361e-01
8.522942724153618199e-01 -1.889542447385117799e-02 6.434661661299502233e-01 -1.282028046374577013e+00 7.363142438716369087e-01 -2.059474820288367536e-01 3.164451564757838065e-01 -1.057463020864574554e+00 -5.135356736707646919e-01 -8.801609657613618243e-01 -1.748027816222981645e+00 8.987565418512913906e-01 -7.403779908496217477e-01 7.304198474515755102e-01 1.791066147841491318e-01 -1.640135076358222588e-01 -1.062613246187911420e+00 -1.173328092633779018e+00 -1.343213372256316873e+00 -2.677810701984431052e-01
9.381565053427248779e-01 -9.536157795567359319e-01 -6.271836432329721545e-01 -7.520051864486883009e-01 1.092496449218653520e+00 9.149018789142883135e-01 3.902708164300884852e-01 9.129229621877213985e-01 -3.474484016542753878e-02 -3.986263710606771649e-02 -1.390111700452420385e+00 -1.275316465129035182e+00 1.314898009394751821e-01 -1.153450081317292375e-01 3.497736593383588000e-01 -8.864600066518144583e-01 -8.904850588903210351e-01 -2.121795274180451885e-01 1.334555044171085699e-03 -3.754502827599311976e-01
1.325065197877442480e-01 4.453665608007731369e-01 3.492081113919543456e-01 -7.312762380134951723e-01 -1.117250511011338210e+00 6.763917302193840630e-02 -2.221292685125617339e-01 3.049672136224418906e-01 -3.299105706794913662e-01 -4.178378569101896811e-02 -1.598171652404974274e+00 -9.725261486181580040e-02 -1.391111298197207358e+00 1.091289442874434412e+00 6.449851008309214206e-01 -1.007399027811103354e-01 -2.093626743981623906e-01 5.355996439239023577e-01 1.196515953064450910e-01 -2.872358016995359420e-01
7.719983641127113883e-01 -1.204513770053621480e+00 -3.398747607296769835e-01 -5.447236248943260195e-01 -4.879265887906716337e-01 2.470408584004989694e-01 5.117690397206658970e-01 1.149712528456315219e+00 -8.796058000282381828e-01 -1.334871323707333524e+00 -1.643462826526830289e+00 3.141930142758397881e-01 1.370329208138247878e+00 3.123521360788741874e-01 4.950457940334873075e-01 -1.979202583723240205e-01 -6.642563687493688862e-01 -7.977377920678843104e-01 -1.298359147163359872e-01 -2.290449206230100732e-01
6.458032855124822280e-01 -3.347420930392964317e-02 -3.978263224491996874e-01 -4.208835775670793367e-01 -1.123837662180326769e+00 -4.448672211203228422e-01 4.206909876192706510e-01 3.843952401906381433e-01 -3.650320064771306883e-01 3.974635507540290047e-01 -5.606361450964132409e-01 8.129540399460353671e-04 -1.554068775247844370e-01 -7.691921136272568127e-01 5.131458477407758734e-01 -1.185357189862697336e+00 1.242242374885934586e+00 2.777407627884321828e-01 -3.503763344556704148e-04 -3.286312005127517422e-01
-1.039214600079335415e+00 -2.665477239481708338e-01 4.023947235664709354e-01 -2.241413546914322596e-01 5.530673670444323786e-01 -4.144872269124812991e-01 -2.120672870147045364e-01 1.337945993006779632e+00 1.855277806200385515e-01 -3.364218389127264230e-01 -3.483096034083110748e-01 -4.729455120105500177e-01 7.168708438947901662e-02 5.525926901611837305e-01 1.799499772655035468e-01 2.656151206690060551e-01 4.384890592812873411e-01 -1.549960117045045882e+00 -3.281083382924829261e-01 -1.156248705706312441e+00
-6.996650147620050442e-01 -5.335245961654552227e-01 -1.087400865719686749e+00 -6.502135756948789203e-01 5.552325380948586186e-01 1.719247036641115001e-01 -1.845734344462353627e-01 -1.344497484120347419e+00 1.384282819409207721e-02 -5.506297441136889237e-01 6.552699117808467033e-01 -3.363084616379913849e-01 -2.799303979070917325e-01 -9.723761716990001469e-01 -1.235305066709698751e+00 1.094865656499408590e+00 -3.179729929858050586e-01 6.472167072151245870e-01 -1.718038589077528044e+00 -5.797185357928281713e-01
7.633343863902787296e-01 1.475773117310342775e-01 4.354503076811390150e-01 -5.180750428095921567e-01 -1.972316241047159524e-01 5.163422595261936143e-01 -7.839819910847087292e-02 1.103922271669681932e+00 -4.431977276507727548e-01 -4.178869755190614543e-01 -4.759873921915644956e-01 -2.846204199809534985e-01 5.766799497341138503e-01 8.478596457518761120e-01 -7.168434825633047680e-01 4.929054922660898175e-01 -2.330182467680300684e-01 -3.639806204891017916e-01 -1.099521037172659810e+00 2.730253868049450916e-01
-2.767956459902487509e-01 -3.252259348724081955e-01 -8.012375851396346116e-01 8.972999826330362305e-01 1.231725742268347801e-01 -8.926680811733819221e-01 -8.179762453634089603e-01 -5.960592868798261224e-01 6.952300414230186965e-01 -1.126462220307418383e+00 -1.211774943490283168e-01 -6.084244378907023298e-01 -5.760956666162857509e-01 8.372921704057426640e-01 -6.497949128744495706e-01 3.812937663296823154e-01 -5.660154320854181575e-01 -5.511635385247372065e-01 -8.452326803763215990e-01 -6.968663361688004487e-01
