2.086749301994579309e+00
2.139205049702310291e+00
2.151260631182429162e+00
2.125262936580768702e+00
-2.454061033339327125e+00
-2.607276944952706010e+00
2.205797023598838891e+00
2.233700229928679004e+00
2.093282757921715920e+00
1.668370656068929092e+00
1.703068780202967369e+00
1.797654605678226103e+00
1.906696231338948389e+00
1.974815083244923386e+00
1.816826661054343539e+00
-6.547029291828944109e-01
1.525359648176992211e+00
1.967873712066944725e+00
-2.677116859338456667e+00
-7.135366874877092647e-01
